#
# gdtang.pl: A geographic directed scale-free graph generator 1.3
# Copyright (c) 2003-2005, Avishai Wool and Sagi Bar
# command line: gdtang.pl -p 0
# Generated on Thu Jun 12 20:02:10 CST 2014
# num_nodes=100
# num_edges=211
# avg_degree=2.11
# alpha=0.5
# probability for double edge=0 
# initial_size=5
# country distribution file name=./gdtang-regions.txt 
1 2
1 3
1 4
1 5
1 6
1 7
1 8
1 9
1 10
1 14
1 18
1 42
1 69
2 1
2 3
2 4
2 5
2 7
2 13
2 20
3 1
3 2
3 4
3 5
3 19
4 1
4 2
4 3
4 5
4 6
4 8
4 10
4 12
4 14
4 15
4 21
4 34
4 36
5 1
5 4
5 6
5 7
5 9
5 11
5 20
5 27
5 31
6 2
6 12
6 22
6 52
7 1
7 5
7 8
7 10
7 43
7 44
8 1
8 2
8 5
8 11
8 12
8 13
8 17
8 37
9 8
9 11
9 12
9 17
9 18
9 56
10 4
10 14
10 18
10 22
10 31
10 45
10 48
11 8
11 9
11 17
11 37
11 41
11 44
12 9
12 29
12 37
12 90
13 4
13 19
13 38
14 1
14 2
14 4
14 5
14 16
14 44
14 97
15 14
16 8
16 9
17 4
17 8
17 9
17 29
18 4
18 10
18 20
18 31
18 46
19 8
19 13
19 28
19 30
19 44
20 5
20 43
20 51
21 1
22 6
22 7
22 34
23 20
24 9
25 12
26 1
26 4
27 7
28 19
29 8
29 12
29 24
30 28
31 7
31 22
32 2
33 8
34 5
34 6
34 18
35 29
36 5
36 7
36 34
37 9
38 30
39 15
39 24
40 39
41 8
42 8
43 1
44 39
44 45
44 47
45 44
46 23
47 39
48 2
49 8
50 36
51 4
52 44
53 17
54 2
55 52
56 9
57 14
58 45
59 8
60 26
61 2
62 34
63 29
64 12
65 4
66 57
67 2
68 29
69 4
70 1
71 19
72 5
73 39
74 24
75 62
76 19
77 64
78 61
79 4
80 62
81 12
82 22
83 17
84 59
85 11
86 5
87 49
88 12
89 19
90 72
91 69
92 17
93 8
94 14
95 1
96 13
97 1
98 55
99 1
100 2
